// 下（2行目）にキーフレーム総数を書く
843
// 下（5行目）から頭部回転角度を書き始める
//  キーフレーム時間[ms] x方向 y方向 z方向s
20 0.01 0.01 0
40 0.02 0.01 0.01
60 0.03 0.02 0.01
80 0.04 0.02 0.01
100 0.05 0.03 0.01
120 0.06 0.03 0.02
140 0.07 0.04 0.02
160 0.08 0.04 0.02
180 0.09 0.05 0.03
200 0.1 0.05 0.03
220 0.11 0.06 0.03
240 0.12 0.06 0.03
260 0.13 0.07 0.04
280 0.14 0.07 0.04
300 0.15 0.08 0.04
320 0.16 0.08 0.05
340 0.17 0.09 0.05
360 0.18 0.09 0.05
380 0.19 0.1 0.05
400 0.2 0.1 0.06
420 0.22 0.11 0.06
440 0.23 0.11 0.06
460 0.24 0.12 0.07
480 0.25 0.12 0.07
500 0.26 0.13 0.07
520 0.27 0.13 0.07
540 0.28 0.14 0.08
560 0.29 0.14 0.08
580 0.3 0.15 0.08
600 0.31 0.15 0.08
620 0.32 0.16 0.09
640 0.33 0.16 0.09
660 0.34 0.17 0.09
680 0.35 0.17 0.1
700 0.36 0.18 0.1
720 0.37 0.18 0.1
740 0.38 0.19 0.1
760 0.39 0.19 0.11
780 0.4 0.2 0.11
800 0.41 0.2 0.11
820 0.42 0.21 0.12
840 0.43 0.21 0.12
860 0.44 0.22 0.12
880 0.45 0.22 0.12
900 0.46 0.23 0.13
920 0.47 0.23 0.13
940 0.48 0.24 0.13
960 0.49 0.24 0.14
980 0.5 0.25 0.14
1000 0.51 0.25 0.14
1020 0.52 0.26 0.14
1040 0.53 0.26 0.15
1060 0.54 0.27 0.15
1080 0.55 0.27 0.15
1100 0.56 0.28 0.16
1120 0.57 0.28 0.16
1140 0.58 0.29 0.16
1160 0.59 0.29 0.16
1180 0.6 0.3 0.17
1200 0.61 0.3 0.17
1220 0.62 0.31 0.17
1240 0.63 0.31 0.18
1260 0.65 0.32 0.18
1280 0.66 0.32 0.18
1300 0.67 0.33 0.18
1320 0.68 0.33 0.19
1340 0.69 0.34 0.19
1360 0.7 0.34 0.19
1380 0.71 0.35 0.2
1400 0.72 0.35 0.2
1420 0.73 0.36 0.2
1440 0.74 0.36 0.2
1460 0.75 0.37 0.21
1480 0.76 0.37 0.21
1500 0.77 0.38 0.21
1520 0.78 0.38 0.22
1540 0.79 0.39 0.22
1560 0.8 0.39 0.22
1580 0.81 0.4 0.22
1600 0.82 0.4 0.23
1620 0.83 0.41 0.23
1640 0.84 0.41 0.23
1660 0.85 0.42 0.24
1680 0.86 0.42 0.24
1700 0.87 0.43 0.24
1720 0.88 0.43 0.24
1740 0.89 0.44 0.25
1760 0.9 0.44 0.25
1780 0.91 0.45 0.25
1800 0.92 0.45 0.25
1820 0.93 0.46 0.26
1840 0.94 0.46 0.26
1860 0.95 0.47 0.26
1880 0.96 0.47 0.27
1900 0.97 0.48 0.27
1920 0.98 0.48 0.27
1940 0.99 0.49 0.27
1960 1 0.49 0.28
1980 1.01 0.5 0.28
2000 1.02 0.5 0.28
2020 1.03 0.51 0.29
2040 1.04 0.51 0.29
2060 1.05 0.52 0.29
2080 1.06 0.52 0.29
2100 1.08 0.53 0.3
2120 1.09 0.53 0.3
2140 1.1 0.54 0.3
2160 1.11 0.54 0.31
2180 1.12 0.55 0.31
2200 1.13 0.55 0.31
2220 1.14 0.56 0.31
2240 1.15 0.56 0.32
2260 1.16 0.57 0.32
2280 1.17 0.57 0.32
2300 1.18 0.58 0.33
2320 1.19 0.58 0.33
2340 1.2 0.59 0.33
2360 1.21 0.59 0.33
2380 1.22 0.6 0.34
2400 1.23 0.6 0.34
2420 1.24 0.61 0.34
2440 1.25 0.61 0.35
2460 1.26 0.62 0.35
2480 1.27 0.62 0.35
2500 1.28 0.63 0.35
2520 1.29 0.63 0.36
2540 1.3 0.64 0.36
2560 1.31 0.64 0.36
2580 1.32 0.65 0.37
2600 1.33 0.65 0.37
2620 1.34 0.66 0.37
2640 1.35 0.66 0.37
2660 1.36 0.67 0.38
2680 1.37 0.67 0.38
2700 1.38 0.68 0.38
2720 1.39 0.68 0.39
2740 1.4 0.69 0.39
2760 1.41 0.69 0.39
2780 1.42 0.7 0.39
2800 1.43 0.7 0.4
2820 1.44 0.71 0.4
2840 1.45 0.71 0.4
2860 1.46 0.72 0.4
2880 1.47 0.72 0.41
2900 1.48 0.73 0.41
2920 1.49 0.73 0.41
2940 1.51 0.74 0.42
2960 1.52 0.74 0.42
2980 1.53 0.75 0.42
3000 1.54 0.75 0.42
3020 1.55 0.76 0.43
3040 1.53 0.75 0.42
3060 1.5 0.74 0.42
3080 1.48 0.72 0.42
3100 1.46 0.71 0.42
3120 1.44 0.7 0.41
3140 1.42 0.69 0.41
3160 1.4 0.68 0.41
3180 1.38 0.67 0.4
3200 1.36 0.66 0.4
3220 1.34 0.65 0.4
3240 1.32 0.64 0.39
3260 1.3 0.63 0.39
3280 1.28 0.62 0.39
3300 1.26 0.61 0.38
3320 1.24 0.6 0.38
3340 1.22 0.59 0.38
3360 1.2 0.58 0.37
3380 1.17 0.56 0.37
3400 1.15 0.55 0.37
3420 1.13 0.54 0.36
3440 1.11 0.53 0.36
3460 1.09 0.52 0.36
3480 1.07 0.51 0.36
3500 1.05 0.5 0.35
3520 1.03 0.49 0.35
3540 1.01 0.48 0.35
3560 0.99 0.47 0.34
3580 0.97 0.46 0.34
3600 0.95 0.45 0.34
3620 0.93 0.44 0.33
3640 0.91 0.43 0.33
3660 0.89 0.42 0.33
3680 0.87 0.41 0.32
3700 0.84 0.39 0.32
3720 0.82 0.38 0.32
3740 0.8 0.37 0.31
3760 0.78 0.36 0.31
3780 0.76 0.35 0.31
3800 0.74 0.34 0.3
3820 0.72 0.33 0.3
3840 0.7 0.32 0.3
3860 0.68 0.31 0.3
3880 0.66 0.3 0.29
3900 0.64 0.29 0.29
3920 0.62 0.28 0.29
3940 0.6 0.27 0.28
3960 0.58 0.26 0.28
3980 0.56 0.25 0.28
4000 0.54 0.24 0.27
4020 0.51 0.22 0.27
4040 0.49 0.21 0.27
4060 0.47 0.2 0.26
4080 0.45 0.19 0.26
4100 0.43 0.18 0.26
4120 0.41 0.17 0.25
4140 0.39 0.16 0.25
4160 0.37 0.15 0.25
4180 0.35 0.14 0.24
4200 0.33 0.13 0.24
4220 0.31 0.12 0.24
4240 0.29 0.11 0.24
4260 0.27 0.1 0.23
4280 0.25 0.09 0.23
4300 0.23 0.08 0.23
4320 0.21 0.07 0.22
4340 0.18 0.05 0.22
4360 0.16 0.04 0.22
4380 0.14 0.03 0.21
4400 0.12 0.02 0.21
4420 0.1 0.01 0.21
4440 0.08 0 0.2
4460 0.06 -0.01 0.2
4480 0.04 -0.02 0.2
4500 0.02 -0.03 0.19
4520 0 -0.04 0.19
4540 -0.02 -0.05 0.19
4560 -0.04 -0.06 0.18
4580 -0.06 -0.07 0.18
4600 -0.08 -0.08 0.18
4620 -0.1 -0.09 0.18
4640 -0.12 -0.1 0.17
4660 -0.15 -0.12 0.17
4680 -0.17 -0.13 0.17
4700 -0.19 -0.14 0.16
4720 -0.21 -0.15 0.16
4740 -0.23 -0.16 0.16
4760 -0.25 -0.17 0.15
4780 -0.27 -0.18 0.15
4800 -0.29 -0.19 0.15
4820 -0.31 -0.2 0.14
4840 -0.33 -0.21 0.14
4860 -0.35 -0.22 0.14
4880 -0.37 -0.23 0.13
4900 -0.39 -0.24 0.13
4920 -0.41 -0.25 0.13
4940 -0.43 -0.26 0.12
4960 -0.45 -0.27 0.12
4980 -0.48 -0.29 0.12
5000 -0.5 -0.3 0.12
5020 -0.52 -0.31 0.11
5040 -0.54 -0.32 0.11
5060 -0.56 -0.33 0.11
5080 -0.58 -0.34 0.1
5100 -0.6 -0.35 0.1
5120 -0.62 -0.36 0.1
5140 -0.64 -0.37 0.09
5160 -0.66 -0.38 0.09
5180 -0.68 -0.39 0.09
5200 -0.7 -0.4 0.08
5220 -0.72 -0.41 0.08
5240 -0.74 -0.42 0.08
5260 -0.76 -0.43 0.07
5280 -0.78 -0.44 0.07
5300 -0.81 -0.46 0.07
5320 -0.83 -0.47 0.06
5340 -0.85 -0.48 0.06
5360 -0.87 -0.49 0.06
5380 -0.89 -0.5 0.06
5400 -0.91 -0.51 0.05
5420 -0.93 -0.52 0.05
5440 -0.95 -0.53 0.05
5460 -0.97 -0.54 0.04
5480 -0.99 -0.55 0.04
5500 -1.01 -0.56 0.04
5520 -1.03 -0.57 0.03
5540 -1.05 -0.58 0.03
5560 -1.07 -0.59 0.03
5580 -1.09 -0.6 0.02
5600 -1.11 -0.61 0.02
5620 -1.14 -0.63 0.02
5640 -1.16 -0.64 0.01
5660 -1.18 -0.65 0.01
5680 -1.2 -0.66 0.01
5700 -1.22 -0.67 0.01
5720 -1.24 -0.68 0
5740 -1.26 -0.69 0
5760 -1.28 -0.7 0
5780 -1.3 -0.71 -0.01
5800 -1.32 -0.72 -0.01
5820 -1.34 -0.73 -0.01
5840 -1.36 -0.74 -0.02
5860 -1.38 -0.75 -0.02
5880 -1.4 -0.76 -0.02
5900 -1.42 -0.77 -0.03
5920 -1.44 -0.78 -0.03
5940 -1.47 -0.8 -0.03
5960 -1.49 -0.81 -0.04
5980 -1.51 -0.82 -0.04
6000 -1.53 -0.83 -0.04
6020 -1.55 -0.84 -0.05
6040 -1.57 -0.85 -0.05
6060 -1.55 -0.84 -0.05
6080 -1.54 -0.84 -0.04
6100 -1.52 -0.83 -0.04
6120 -1.5 -0.82 -0.04
6140 -1.49 -0.82 -0.03
6160 -1.47 -0.81 -0.03
6180 -1.46 -0.81 -0.03
6200 -1.44 -0.8 -0.02
6220 -1.43 -0.79 -0.02
6240 -1.41 -0.79 -0.02
6260 -1.39 -0.78 -0.01
6280 -1.38 -0.78 -0.01
6300 -1.36 -0.77 -0.01
6320 -1.35 -0.76 0
6340 -1.33 -0.76 0
6360 -1.31 -0.75 0
6380 -1.3 -0.75 0.01
6400 -1.28 -0.74 0.01
6420 -1.27 -0.73 0.01
6440 -1.25 -0.73 0.02
6460 -1.23 -0.72 0.02
6480 -1.22 -0.71 0.02
6500 -1.2 -0.71 0.02
6520 -1.19 -0.7 0.03
6540 -1.17 -0.7 0.03
6560 -1.16 -0.69 0.03
6580 -1.14 -0.68 0.04
6600 -1.12 -0.68 0.04
6620 -1.11 -0.67 0.04
6640 -1.09 -0.67 0.05
6660 -1.08 -0.66 0.05
6680 -1.06 -0.65 0.05
6700 -1.04 -0.65 0.06
6720 -1.03 -0.64 0.06
6740 -1.01 -0.64 0.06
6760 -1 -0.63 0.07
6780 -0.98 -0.62 0.07
6800 -0.96 -0.62 0.07
6820 -0.95 -0.61 0.08
6840 -0.93 -0.6 0.08
6860 -0.92 -0.6 0.08
6880 -0.9 -0.59 0.09
6900 -0.89 -0.59 0.09
6920 -0.87 -0.58 0.09
6940 -0.85 -0.57 0.09
6960 -0.84 -0.57 0.1
6980 -0.82 -0.56 0.1
7000 -0.81 -0.56 0.1
7020 -0.79 -0.55 0.11
7040 -0.77 -0.54 0.11
7060 -0.76 -0.54 0.11
7080 -0.74 -0.53 0.12
7100 -0.73 -0.53 0.12
7120 -0.71 -0.52 0.12
7140 -0.69 -0.51 0.13
7160 -0.68 -0.51 0.13
7180 -0.66 -0.5 0.13
7200 -0.65 -0.5 0.14
7220 -0.63 -0.49 0.14
7240 -0.62 -0.48 0.14
7260 -0.6 -0.48 0.15
7280 -0.58 -0.47 0.15
7300 -0.57 -0.46 0.15
7320 -0.55 -0.46 0.16
7340 -0.54 -0.45 0.16
7360 -0.52 -0.45 0.16
7380 -0.5 -0.44 0.16
7400 -0.49 -0.43 0.17
7420 -0.47 -0.43 0.17
7440 -0.46 -0.42 0.17
7460 -0.44 -0.42 0.18
7480 -0.42 -0.41 0.18
7500 -0.41 -0.4 0.18
7520 -0.39 -0.4 0.19
7540 -0.38 -0.39 0.19
7560 -0.36 -0.39 0.19
7580 -0.34 -0.38 0.2
7600 -0.33 -0.37 0.2
7620 -0.31 -0.37 0.2
7640 -0.3 -0.36 0.21
7660 -0.28 -0.36 0.21
7680 -0.27 -0.35 0.21
7700 -0.25 -0.34 0.22
7720 -0.23 -0.34 0.22
7740 -0.22 -0.33 0.22
7760 -0.2 -0.32 0.23
7780 -0.19 -0.32 0.23
7800 -0.17 -0.31 0.23
7820 -0.15 -0.31 0.23
7840 -0.14 -0.3 0.24
7860 -0.12 -0.29 0.24
7880 -0.11 -0.29 0.24
7900 -0.09 -0.28 0.25
7920 -0.07 -0.28 0.25
7940 -0.06 -0.27 0.25
7960 -0.04 -0.26 0.26
7980 -0.03 -0.26 0.26
8000 -0.01 -0.25 0.26
8020 0 -0.25 0.27
8040 0.02 -0.24 0.27
8060 0.04 -0.23 0.27
8080 0.05 -0.23 0.28
8100 0.07 -0.22 0.28
8120 0.08 -0.22 0.28
8140 0.1 -0.21 0.29
8160 0.12 -0.2 0.29
8180 0.13 -0.2 0.29
8200 0.15 -0.19 0.3
8220 0.16 -0.18 0.3
8240 0.18 -0.18 0.3
8260 0.2 -0.17 0.3
8280 0.21 -0.17 0.31
8300 0.23 -0.16 0.31
8320 0.24 -0.15 0.31
8340 0.26 -0.15 0.32
8360 0.27 -0.14 0.32
8380 0.29 -0.14 0.32
8400 0.31 -0.13 0.33
8420 0.32 -0.12 0.33
8440 0.34 -0.12 0.33
8460 0.35 -0.11 0.34
8480 0.37 -0.11 0.34
8500 0.39 -0.1 0.34
8520 0.4 -0.09 0.35
8540 0.42 -0.09 0.35
8560 0.43 -0.08 0.35
8580 0.45 -0.08 0.36
8600 0.47 -0.07 0.36
8620 0.48 -0.06 0.36
8640 0.5 -0.06 0.37
8660 0.51 -0.05 0.37
8680 0.53 -0.04 0.37
8700 0.54 -0.04 0.37
8720 0.56 -0.03 0.38
8740 0.58 -0.03 0.38
8760 0.59 -0.02 0.38
8780 0.61 -0.01 0.39
8800 0.62 -0.01 0.39
8820 0.64 0 0.39
8840 0.66 0 0.4
8860 0.67 0.01 0.4
8880 0.69 0.02 0.4
8900 0.7 0.02 0.41
8920 0.72 0.03 0.41
8940 0.74 0.03 0.41
8960 0.75 0.04 0.42
8980 0.77 0.05 0.42
9000 0.78 0.05 0.42
9020 0.8 0.06 0.43
9040 0.82 0.07 0.43
9060 0.83 0.07 0.43
9080 0.82 0.07 0.43
9100 0.81 0.07 0.43
9120 0.8 0.07 0.42
9140 0.78 0.06 0.42
9160 0.77 0.06 0.42
9180 0.76 0.06 0.42
9200 0.75 0.06 0.42
9220 0.74 0.06 0.41
9240 0.72 0.06 0.41
9260 0.71 0.05 0.41
9280 0.7 0.05 0.41
9300 0.69 0.05 0.4
9320 0.68 0.05 0.4
9340 0.67 0.05 0.4
9360 0.65 0.04 0.4
9380 0.64 0.04 0.39
9400 0.63 0.04 0.39
9420 0.62 0.04 0.39
9440 0.61 0.04 0.39
9460 0.6 0.04 0.38
9480 0.58 0.03 0.38
9500 0.57 0.03 0.38
9520 0.56 0.03 0.38
9540 0.55 0.03 0.37
9560 0.54 0.03 0.37
9580 0.52 0.03 0.37
9600 0.51 0.02 0.37
9620 0.5 0.02 0.36
9640 0.49 0.02 0.36
9660 0.48 0.02 0.36
9680 0.47 0.02 0.36
9700 0.45 0.02 0.35
9720 0.44 0.01 0.35
9740 0.43 0.01 0.35
9760 0.42 0.01 0.35
9780 0.41 0.01 0.35
9800 0.39 0.01 0.34
9820 0.38 0 0.34
9840 0.37 0 0.34
9860 0.36 0 0.34
9880 0.35 0 0.33
9900 0.34 0 0.33
9920 0.32 0 0.33
9940 0.31 -0.01 0.33
9960 0.3 -0.01 0.32
9980 0.29 -0.01 0.32
10000 0.28 -0.01 0.32
10020 0.27 -0.01 0.32
10040 0.25 -0.01 0.31
10060 0.24 -0.02 0.31
10080 0.23 -0.02 0.31
10100 0.22 -0.02 0.31
10120 0.21 -0.02 0.3
10140 0.19 -0.02 0.3
10160 0.18 -0.02 0.3
10180 0.17 -0.03 0.3
10200 0.16 -0.03 0.29
10220 0.15 -0.03 0.29
10240 0.14 -0.03 0.29
10260 0.12 -0.03 0.29
10280 0.11 -0.04 0.28
10300 0.1 -0.04 0.28
10320 0.09 -0.04 0.28
10340 0.08 -0.04 0.28
10360 0.06 -0.04 0.27
10380 0.05 -0.04 0.27
10400 0.04 -0.05 0.27
10420 0.03 -0.05 0.27
10440 0.02 -0.05 0.27
10460 0.01 -0.05 0.26
10480 -0.01 -0.05 0.26
10500 -0.02 -0.05 0.26
10520 -0.03 -0.06 0.26
10540 -0.04 -0.06 0.25
10560 -0.05 -0.06 0.25
10580 -0.06 -0.06 0.25
10600 -0.08 -0.06 0.25
10620 -0.09 -0.07 0.24
10640 -0.1 -0.07 0.24
10660 -0.11 -0.07 0.24
10680 -0.12 -0.07 0.24
10700 -0.14 -0.07 0.23
10720 -0.15 -0.07 0.23
10740 -0.16 -0.08 0.23
10760 -0.17 -0.08 0.23
10780 -0.18 -0.08 0.22
10800 -0.19 -0.08 0.22
10820 -0.21 -0.08 0.22
10840 -0.22 -0.08 0.22
10860 -0.23 -0.09 0.21
10880 -0.24 -0.09 0.21
10900 -0.25 -0.09 0.21
10920 -0.27 -0.09 0.21
10940 -0.28 -0.09 0.2
10960 -0.29 -0.09 0.2
10980 -0.3 -0.1 0.2
11000 -0.31 -0.1 0.2
11020 -0.32 -0.1 0.2
11040 -0.34 -0.1 0.19
11060 -0.35 -0.1 0.19
11080 -0.36 -0.11 0.19
11100 -0.37 -0.11 0.19
11120 -0.38 -0.11 0.18
11140 -0.39 -0.11 0.18
11160 -0.41 -0.11 0.18
11180 -0.42 -0.11 0.18
11200 -0.43 -0.12 0.17
11220 -0.44 -0.12 0.17
11240 -0.45 -0.12 0.17
11260 -0.47 -0.12 0.17
11280 -0.48 -0.12 0.16
11300 -0.49 -0.12 0.16
11320 -0.5 -0.13 0.16
11340 -0.51 -0.13 0.16
11360 -0.52 -0.13 0.15
11380 -0.54 -0.13 0.15
11400 -0.55 -0.13 0.15
11420 -0.56 -0.13 0.15
11440 -0.57 -0.14 0.14
11460 -0.58 -0.14 0.14
11480 -0.59 -0.14 0.14
11500 -0.61 -0.14 0.14
11520 -0.62 -0.14 0.13
11540 -0.63 -0.15 0.13
11560 -0.64 -0.15 0.13
11580 -0.65 -0.15 0.13
11600 -0.67 -0.15 0.13
11620 -0.68 -0.15 0.12
11640 -0.69 -0.15 0.12
11660 -0.7 -0.16 0.12
11680 -0.71 -0.16 0.12
11700 -0.72 -0.16 0.11
11720 -0.74 -0.16 0.11
11740 -0.75 -0.16 0.11
11760 -0.76 -0.16 0.11
11780 -0.77 -0.17 0.1
11800 -0.78 -0.17 0.1
11820 -0.8 -0.17 0.1
11840 -0.81 -0.17 0.1
11860 -0.82 -0.17 0.09
11880 -0.83 -0.18 0.09
11900 -0.84 -0.18 0.09
11920 -0.85 -0.18 0.09
11940 -0.87 -0.18 0.08
11960 -0.88 -0.18 0.08
11980 -0.89 -0.18 0.08
12000 -0.9 -0.19 0.08
12020 -0.91 -0.19 0.07
12040 -0.92 -0.19 0.07
12060 -0.94 -0.19 0.07
12080 -0.95 -0.19 0.07
12100 -0.93 -0.2 0.06
12120 -0.91 -0.2 0.06
12140 -0.89 -0.2 0.06
12160 -0.87 -0.21 0.06
12180 -0.86 -0.21 0.06
12200 -0.84 -0.21 0.05
12220 -0.82 -0.22 0.05
12240 -0.8 -0.22 0.05
12260 -0.78 -0.22 0.05
12280 -0.76 -0.23 0.04
12300 -0.74 -0.23 0.04
12320 -0.73 -0.23 0.04
12340 -0.71 -0.24 0.04
12360 -0.69 -0.24 0.03
12380 -0.67 -0.25 0.03
12400 -0.65 -0.25 0.03
12420 -0.63 -0.25 0.03
12440 -0.61 -0.26 0.02
12460 -0.6 -0.26 0.02
12480 -0.58 -0.26 0.02
12500 -0.56 -0.27 0.02
12520 -0.54 -0.27 0.01
12540 -0.52 -0.27 0.01
12560 -0.5 -0.28 0.01
12580 -0.48 -0.28 0.01
12600 -0.47 -0.28 0.01
12620 -0.45 -0.29 0
12640 -0.43 -0.29 0
12660 -0.41 -0.29 0
12680 -0.39 -0.3 0
12700 -0.37 -0.3 -0.01
12720 -0.36 -0.3 -0.01
12740 -0.34 -0.31 -0.01
12760 -0.32 -0.31 -0.01
12780 -0.3 -0.32 -0.02
12800 -0.28 -0.32 -0.02
12820 -0.26 -0.32 -0.02
12840 -0.24 -0.33 -0.02
12860 -0.23 -0.33 -0.03
12880 -0.21 -0.33 -0.03
12900 -0.19 -0.34 -0.03
12920 -0.17 -0.34 -0.03
12940 -0.15 -0.34 -0.04
12960 -0.13 -0.35 -0.04
12980 -0.11 -0.35 -0.04
13000 -0.1 -0.35 -0.04
13020 -0.08 -0.36 -0.04
13040 -0.06 -0.36 -0.05
13060 -0.04 -0.36 -0.05
13080 -0.02 -0.37 -0.05
13100 0 -0.37 -0.05
13120 0.02 -0.38 -0.06
13140 0.03 -0.38 -0.06
13160 0.05 -0.38 -0.06
13180 0.07 -0.39 -0.06
13200 0.09 -0.39 -0.07
13220 0.11 -0.39 -0.07
13240 0.13 -0.4 -0.07
13260 0.15 -0.4 -0.07
13280 0.16 -0.4 -0.08
13300 0.18 -0.41 -0.08
13320 0.2 -0.41 -0.08
13340 0.22 -0.41 -0.08
13360 0.24 -0.42 -0.09
13380 0.26 -0.42 -0.09
13400 0.28 -0.42 -0.09
13420 0.29 -0.43 -0.09
13440 0.31 -0.43 -0.09
13460 0.33 -0.43 -0.1
13480 0.35 -0.44 -0.1
13500 0.37 -0.44 -0.1
13520 0.39 -0.45 -0.1
13540 0.41 -0.45 -0.11
13560 0.42 -0.45 -0.11
13580 0.44 -0.46 -0.11
13600 0.46 -0.46 -0.11
13620 0.48 -0.46 -0.12
13640 0.5 -0.47 -0.12
13660 0.52 -0.47 -0.12
13680 0.54 -0.47 -0.12
13700 0.55 -0.48 -0.13
13720 0.57 -0.48 -0.13
13740 0.59 -0.48 -0.13
13760 0.61 -0.49 -0.13
13780 0.63 -0.49 -0.14
13800 0.65 -0.49 -0.14
13820 0.66 -0.5 -0.14
13840 0.68 -0.5 -0.14
13860 0.7 -0.51 -0.14
13880 0.72 -0.51 -0.15
13900 0.74 -0.51 -0.15
13920 0.76 -0.52 -0.15
13940 0.78 -0.52 -0.15
13960 0.79 -0.52 -0.16
13980 0.81 -0.53 -0.16
14000 0.83 -0.53 -0.16
14020 0.85 -0.53 -0.16
14040 0.87 -0.54 -0.17
14060 0.89 -0.54 -0.17
14080 0.91 -0.54 -0.17
14100 0.92 -0.55 -0.17
14120 0.94 -0.55 -0.18
14140 0.96 -0.55 -0.18
14160 0.98 -0.56 -0.18
14180 1 -0.56 -0.18
14200 1.02 -0.56 -0.19
14220 1.04 -0.57 -0.19
14240 1.05 -0.57 -0.19
14260 1.07 -0.58 -0.19
14280 1.09 -0.58 -0.19
14300 1.11 -0.58 -0.2
14320 1.13 -0.59 -0.2
14340 1.15 -0.59 -0.2
14360 1.17 -0.59 -0.2
14380 1.18 -0.6 -0.21
14400 1.2 -0.6 -0.21
14420 1.22 -0.6 -0.21
14440 1.24 -0.61 -0.21
14460 1.26 -0.61 -0.22
14480 1.28 -0.61 -0.22
14500 1.3 -0.62 -0.22
14520 1.31 -0.62 -0.22
14540 1.33 -0.62 -0.23
14560 1.35 -0.63 -0.23
14580 1.37 -0.63 -0.23
14600 1.39 -0.64 -0.23
14620 1.41 -0.64 -0.24
14640 1.43 -0.64 -0.24
14660 1.44 -0.65 -0.24
14680 1.46 -0.65 -0.24
14700 1.48 -0.65 -0.24
14720 1.5 -0.66 -0.25
14740 1.52 -0.66 -0.25
14760 1.54 -0.66 -0.25
14780 1.56 -0.67 -0.25
14800 1.57 -0.67 -0.26
14820 1.59 -0.67 -0.26
14840 1.61 -0.68 -0.26
14860 1.63 -0.68 -0.26
14880 1.65 -0.68 -0.27
14900 1.67 -0.69 -0.27
14920 1.68 -0.69 -0.27
14940 1.7 -0.69 -0.27
14960 1.72 -0.7 -0.28
14980 1.74 -0.7 -0.28
15000 1.76 -0.71 -0.28
15020 1.78 -0.71 -0.28
15040 1.8 -0.71 -0.29
15060 1.81 -0.72 -0.29
15080 1.83 -0.72 -0.29
15100 1.85 -0.72 -0.29
15120 1.83 -0.72 -0.29
15140 1.8 -0.71 -0.29
15160 1.78 -0.7 -0.29
15180 1.76 -0.7 -0.29
15200 1.73 -0.69 -0.29
15220 1.71 -0.68 -0.29
15240 1.69 -0.68 -0.29
15260 1.66 -0.67 -0.29
15280 1.64 -0.67 -0.29
15300 1.61 -0.66 -0.29
15320 1.59 -0.65 -0.29
15340 1.57 -0.65 -0.29
15360 1.54 -0.64 -0.29
15380 1.52 -0.63 -0.29
15400 1.5 -0.63 -0.29
15420 1.47 -0.62 -0.29
15440 1.45 -0.61 -0.29
15460 1.42 -0.61 -0.29
15480 1.4 -0.6 -0.29
15500 1.38 -0.6 -0.29
15520 1.35 -0.59 -0.29
15540 1.33 -0.58 -0.29
15560 1.31 -0.58 -0.29
15580 1.28 -0.57 -0.29
15600 1.26 -0.56 -0.29
15620 1.23 -0.56 -0.29
15640 1.21 -0.55 -0.29
15660 1.19 -0.55 -0.29
15680 1.16 -0.54 -0.29
15700 1.14 -0.53 -0.29
15720 1.12 -0.53 -0.29
15740 1.09 -0.52 -0.29
15760 1.07 -0.51 -0.29
15780 1.05 -0.51 -0.29
15800 1.02 -0.5 -0.29
15820 1 -0.49 -0.29
15840 0.97 -0.49 -0.29
15860 0.95 -0.48 -0.29
15880 0.93 -0.48 -0.29
15900 0.9 -0.47 -0.29
15920 0.88 -0.46 -0.29
15940 0.86 -0.46 -0.29
15960 0.83 -0.45 -0.29
15980 0.81 -0.44 -0.29
16000 0.78 -0.44 -0.29
16020 0.76 -0.43 -0.29
16040 0.74 -0.42 -0.29
16060 0.71 -0.42 -0.29
16080 0.69 -0.41 -0.29
16100 0.67 -0.41 -0.29
16120 0.64 -0.4 -0.29
16140 0.62 -0.39 -0.29
16160 0.59 -0.39 -0.29
16180 0.57 -0.38 -0.29
16200 0.55 -0.37 -0.29
16220 0.52 -0.37 -0.29
16240 0.5 -0.36 -0.29
16260 0.48 -0.35 -0.29
16280 0.45 -0.35 -0.29
16300 0.43 -0.34 -0.29
16320 0.4 -0.34 -0.29
16340 0.38 -0.33 -0.29
16360 0.36 -0.32 -0.29
16380 0.33 -0.32 -0.29
16400 0.31 -0.31 -0.29
16420 0.29 -0.3 -0.29
16440 0.26 -0.3 -0.29
16460 0.24 -0.29 -0.29
16480 0.21 -0.28 -0.29
16500 0.19 -0.28 -0.29
16520 0.17 -0.27 -0.29
16540 0.14 -0.27 -0.29
16560 0.12 -0.26 -0.29
16580 0.1 -0.25 -0.29
16600 0.07 -0.25 -0.29
16620 0.05 -0.24 -0.29
16640 0.03 -0.23 -0.29
16660 0 -0.23 -0.29
16680 -0.02 -0.22 -0.29
16700 -0.05 -0.21 -0.29
16720 -0.07 -0.21 -0.29
16740 -0.09 -0.2 -0.29
16760 -0.12 -0.2 -0.29
16780 -0.14 -0.19 -0.29
16800 -0.16 -0.18 -0.29
16820 -0.19 -0.18 -0.29
16840 -0.21 -0.17 -0.29
16860 0.00 0.00 0.00
